$ 1 0.0000049999999999999996 0.05352614285189903 56 5 50 5e-11
209 192 336 192 480 0 0.001 0 0 450
d 304 336 192 336 2 default
177 352 336 400 336 1 0 0 0.055 0.12 25.5
w 304 336 352 336 0
w 304 288 304 336 0
w 192 288 192 336 0
w 416 336 416 480 0
g 192 480 192 496 0 0
w 400 336 416 336 0
w 416 480 192 480 0
d 464 256 400 256 2 default
w 400 304 400 256 0
r 464 256 464 336 0 10000
w 416 336 464 336 0
t 560 368 560 336 0 1 0 0 50 default
w 544 256 544 336 0
162 560 480 624 480 2 default-led 1 0 0 0.03
r 624 480 704 480 0 2200
g 704 480 704 496 0 0
r 560 592 672 592 0 1400
g 352 592 352 608 0 0
r 464 576 384 576 0 5780000
r 192 288 256 288 0 0.7000000000000001
l 256 288 304 288 0 0.0007999999999999999 0 0
r 464 608 384 608 0 518
w 560 592 528 592 0
S 528 592 464 592 0 1 false 0 2
w 384 576 384 592 0
w 384 608 384 592 0
w 384 592 352 592 0
w 384 992 352 992 0
w 384 1008 384 992 0
w 384 976 384 992 0
S 528 992 464 992 0 0 false 0 2
w 560 992 528 992 0
r 464 1008 384 1008 0 518
l 256 688 304 688 0 0.0007999999999999999 0 0
r 192 688 256 688 0 0.7000000000000001
r 464 976 384 976 0 5780000
g 352 992 352 1008 0 0
r 560 992 672 992 0 1400
g 704 880 704 896 0 0
r 624 880 704 880 0 2200
162 560 880 624 880 2 default-led 1 0 0 0.03
w 544 656 544 736 0
t 560 768 560 736 0 1 0 0 50 default
w 416 736 464 736 0
r 464 656 464 736 0 10000
w 400 704 400 656 0
d 464 656 400 656 2 default
w 416 880 192 880 0
w 400 736 416 736 0
g 192 880 192 896 0 0
w 416 736 416 880 0
w 192 688 192 736 0
w 304 688 304 736 0
w 304 736 352 736 0
177 352 736 400 736 1 0 0 0.055 0.12 25.5
d 304 736 192 736 2 default
209 192 736 192 880 0 0.001 0 0 450
209 192 1536 192 1680 0 0.001 0 0 450
d 304 1536 192 1536 2 default
177 352 1536 400 1536 1 0 0 0.055 0.12 25.5
w 304 1536 352 1536 0
w 304 1488 304 1536 0
w 192 1488 192 1536 0
w 416 1536 416 1680 0
g 192 1680 192 1696 0 0
w 400 1536 416 1536 0
w 416 1680 192 1680 0
d 464 1456 400 1456 2 default
w 400 1504 400 1456 0
r 464 1456 464 1536 0 10000
w 416 1536 464 1536 0
t 560 1568 560 1536 0 1 0 0 50 default
w 544 1456 544 1536 0
162 560 1680 624 1680 2 default-led 1 0 0 0.03
r 624 1680 704 1680 0 2200
g 704 1680 704 1696 0 0
r 560 1792 672 1792 0 1400
g 352 1792 352 1808 0 0
r 464 1776 384 1776 0 5780000
r 192 1488 256 1488 0 0.17
l 256 1488 304 1488 0 0.00018999999999999998 0 0
r 464 1808 384 1808 0 518
w 560 1792 528 1792 0
S 528 1792 464 1792 0 0 false 0 2
w 384 1776 384 1792 0
w 384 1808 384 1792 0
w 384 1792 352 1792 0
w 384 1392 352 1392 0
w 384 1408 384 1392 0
w 384 1376 384 1392 0
S 528 1392 464 1392 0 0 false 0 2
w 560 1392 528 1392 0
r 464 1408 384 1408 0 518
l 256 1088 304 1088 0 0.0007999999999999999 0 0
r 192 1088 256 1088 0 0.7000000000000001
r 464 1376 384 1376 0 5780000
g 352 1392 352 1408 0 0
r 560 1392 672 1392 0 1400
g 1056 1104 1056 1120 0 0
g 704 1280 704 1296 0 0
r 624 1280 704 1280 0 2200
v 1056 1104 976 1104 0 0 40 5 0 0 0.5
162 560 1280 624 1280 2 default-led 1 0 0 0.03
w 544 1056 544 1136 0
t 560 1168 560 1136 0 1 0 0 50 default
w 416 1136 464 1136 0
r 464 1056 464 1136 0 10000
w 400 1104 400 1056 0
d 464 1056 400 1056 2 default
w 416 1280 192 1280 0
w 400 1136 416 1136 0
g 192 1280 192 1296 0 0
w 416 1136 416 1280 0
w 192 1088 192 1136 0
w 304 1088 304 1136 0
w 304 1136 352 1136 0
177 352 1136 400 1136 1 0 0 0.055 0.12 25.5
d 304 1136 192 1136 2 default
209 192 1136 192 1280 0 0.001 0 0 450
w 384 2192 352 2192 0
w 384 2208 384 2192 0
w 384 2176 384 2192 0
S 528 2192 464 2192 0 0 false 0 2
w 560 2192 528 2192 0
r 464 2208 384 2208 0 518
l 256 1888 304 1888 0 0.00018999999999999998 0 0
r 192 1888 256 1888 0 0.17
r 464 2176 384 2176 0 5780000
g 352 2192 352 2208 0 0
r 560 2192 672 2192 0 1400
g 704 2080 704 2096 0 0
r 624 2080 704 2080 0 2200
162 560 2080 624 2080 2 default-led 1 0 0 0.03
w 544 1856 544 1936 0
t 560 1968 560 1936 0 1 0 0 50 default
w 416 1936 464 1936 0
r 464 1856 464 1936 0 10000
w 400 1904 400 1856 0
d 464 1856 400 1856 2 default
w 416 2080 192 2080 0
w 400 1936 416 1936 0
g 192 2080 192 2096 0 0
w 416 1936 416 2080 0
w 192 1888 192 1936 0
w 304 1888 304 1936 0
w 304 1936 352 1936 0
177 352 1936 400 1936 1 0 0 0.055 0.12 25.5
d 304 1936 192 1936 2 default
209 192 1936 192 2080 0 0.001 0 0 450
v -336 1232 -336 1184 0 0 40 450 0 0 0.5
s -336 1136 -336 1056 0 1 false
r -336 1184 -336 1136 0 3300
r 192 736 96 736 0 0.005
r 192 1136 96 1136 0 0.005
r 192 1536 96 1536 0 0.005
r 192 1936 96 1936 0 0.005
r 192 336 96 336 0 0.005
r 192 2080 48 2080 0 0.005
r 192 1680 48 1680 0 0.005
r 192 1280 48 1280 0 0.005
r 192 880 48 880 0 0.005
r 192 480 48 480 0 0.005
w -336 336 -336 736 0
w -336 1056 -336 736 0
w 48 2080 48 1680 0
w 48 1280 48 1680 0
w 48 880 48 1280 0
w 48 480 48 880 0
w 48 2080 -336 2080 0
w -336 2080 -336 1328 0
w -144 1936 -144 1536 0
w -144 1536 -144 1136 0
w -144 1136 -144 736 0
w -144 736 -144 336 0
w -336 336 -144 336 0
g -336 2080 -336 2096 0 0
w 672 2192 976 2192 0
w 672 1792 976 1792 0
w 672 1392 976 1392 0
w 672 592 976 592 0
w 672 992 976 992 0
w 976 1104 976 992 0
w 976 992 976 736 0
w 976 736 976 592 0
w 976 592 976 336 0
w 976 1104 976 1136 0
w 976 1136 976 1392 0
w 976 1392 976 1536 0
w 976 1536 976 1792 0
w 976 1792 976 1936 0
w 976 1936 976 2192 0
w 576 336 976 336 0
w 576 736 976 736 0
w 576 1136 976 1136 0
w 576 1536 976 1536 0
w 576 1936 976 1936 0
d -144 1936 96 1936 2 default
d -144 1536 96 1536 2 default
d -144 1136 96 1136 2 default
d -144 736 96 736 2 default
d -144 336 96 336 2 default
r -496 336 -592 336 0 910000
r -592 336 -688 336 0 10000
d -336 336 -496 336 2 default
w -688 336 -768 336 0
g -768 336 -768 384 0 0
O -592 336 -592 400 0 0
w 544 256 464 256 0
w 544 656 464 656 0
w 544 1056 464 1056 0
w 544 1456 464 1456 0
w 544 1856 464 1856 0
w 560 480 560 592 0
w 560 480 560 368 0
w 560 880 560 992 0
w 560 880 560 768 0
w 560 1280 560 1392 0
w 560 1280 560 1168 0
w 560 1680 560 1792 0
w 560 1680 560 1568 0
w 560 2080 560 2192 0
w 560 2080 560 1968 0
w -336 1232 -528 1232 0
r -528 1136 -528 1056 0 1000
w -336 1056 -528 1056 0
w 976 2400 -704 2400 0
r 976 2192 976 2400 0 0.001
w -336 1328 -336 1232 0
177 -912 1232 -864 1232 1 0 0 0.055 0.12 25.5
w -864 1232 -848 1232 0
d -800 1152 -864 1152 2 default
w -864 1200 -864 1152 0
r -800 1152 -800 1232 0 10000
w -848 1232 -800 1232 0
w -912 1232 -912 1136 0
w -912 1136 -528 1136 0
w -800 1232 -800 1296 0
w -800 1296 -528 1296 0
w -528 1232 -528 1296 0
s -704 1152 -704 1248 0 1 false
w -704 2400 -704 1248 0
r -704 1152 -800 1152 0 47
o 0 2 0 4099 0.0000762939453125 0.00009765625 0 2 0 3
o 23 2 0 4099 0.0000762939453125 0.00009765625 1 2 23 3
o 36 2 0 4099 0.0000762939453125 0.00009765625 2 2 36 3
